6.245471712165320266e-01
3.493336138661380930e-01
2.470684825585682254e-01
9.692799784672370689e-02
1.016365669909661817e-01
1.901778084481501041e-01
6.310593436458537819e-02
8.197554364444867292e-02
1.256623719096618824e-02
1.176917396892197820e-01
2.202684832499497009e-02
5.161620516232161976e-02
1.021708641611648455e-01
1.288922759751219213e-02
3.841051199611496270e-02
2.025310750470363935e-02
4.656149282567261655e-02
7.738543922325431812e-02
3.273194550843632616e-02
6.079130691873711051e-02
1.912307173811116090e-02
2.071155166051226806e-02
7.585372406929136169e-02
9.666108125219639857e-02
6.000702665092497688e-03
4.229802530700043500e-02
8.593928218426095597e-03
2.825090440359831478e-02
3.120473433418487555e-02
5.462646633865273632e-02
1.539908620322276780e-02
2.323494165745397175e-02
3.945857095876311761e-03
3.325861454985361287e-02
1.413036458746351302e-02
3.416632405050792909e-02
2.173616650183999438e-02
2.069708709936059210e-02
3.778508781342469758e-02
1.134550171909760354e-02
5.289473372494621350e-02
5.574090700643906902e-03
9.825762810364459601e-03
1.688109111451509964e-02
1.397449165940498061e-02
2.168663683910976390e-03
9.195628743526387122e-03
1.290237105559503480e-02
2.063268171839756880e-03
3.729613335382057308e-03
3.426656969058954755e-02
4.116776595738541600e-02
1.006664307162642713e-02
2.675434846335477887e-02
7.065413924708460747e-02
2.449292880435272740e-02
7.126782004152990013e-02
1.475738172056591246e-02
2.122520415212807415e-03
5.028304601752996324e-03
4.957574608357952954e-04
1.143120009691047378e-01
5.134101824344447160e-03
5.905743801742789102e-03
2.649911474003781298e-02
4.093069807625858945e-03
3.486391468791289611e-02
4.439914960272456704e-03
1.313079871424098011e-03
9.794347574454928193e-03
4.136916311559491778e-03
4.590479636193615758e-03
2.671460694701369848e-03
4.434011819734993282e-03
1.765669145064330606e-02
6.187012299854779442e-03
2.727949646303236102e-03
3.300493667292363122e-03
4.308884515293964421e-03
4.113928764186589211e-03
2.092822389791248149e-03
2.868418385301865423e-02
6.300378870259254124e-03
1.218414652988388533e-03
3.773469961330339333e-03
1.446016623049882358e-03
2.921599485194968648e-02
2.859752299849605689e-02
4.486540385659330832e-02
1.943338974670853325e-03
1.272038295528559251e-02
6.317992959157013068e-03
4.229956226431388217e-02
5.023173264302293294e-03
1.147734148300637649e-02
9.979528728792384784e-02
2.174572239685874497e-03
2.523223807467864493e-03
2.009456654512865870e-02
